# Create the bib file with:
#
# yaml2bib \
#   --bib_fname "zigzag.bib" \
#   --dois_yaml "zigzag.yaml" \
#   --replacements_yaml "replacements.yaml" \
#   --email "bas@nijho.lt" \
#   --static_bib "not_on_crossref.bib"
#
---
Alicea2012: 10.1088/0034-4885/75/7/076501
Beenakker2005: 10.1007/11358817_4
Beenakker2013: 10.1146/annurev-conmatphys-030212-184337
Beenakker2016: 10.1038/nphys3778
Belzig1996: 10.1103/physrevb.54.9443
Churchill2013: 10.1103/physrevb.87.241401
Das2012: 10.1038/nphys2479
Deng2012: 10.1021/nl303758w
Fornieri2019: 10.1038/s41586-019-1068-8
Gennes1963: 10.1016/0031-9163(63)90148-3
Golubov1988: 10.1007/bf00683247
Groth2014: 10.1088/1367-2630/16/6/063065
Haim2019: 10.1103/physrevlett.122.126801
Hell2017: 10.1103/physrevlett.118.107701
Laeven2019b: 10.5281/zenodo.2578027
Leijnse2012: 10.1088/0268-1242/27/12/124003
Liu2017: 10.1103/physrevb.96.054520
Lutchyn2010: 10.1103/physrevlett.105.077001
Mourik2012: 10.1126/science.1222360
Nijholt2016: 10.1103/physrevb.93.235434
Nijholt2019: 10.5281/zenodo.1182437
Oreg2010: 10.1103/physrevlett.105.177002
Pientka2017: 10.1103/physrevx.7.021032
Pilgram2000: 10.1103/physrevb.62.12462
Ren2019: 10.1038/s41586-019-1148-9
Setiawan2019: 10.1103/physrevb.99.220506
Stanescu2014: 10.1103/physrevb.90.085302
Takei2013: 10.1103/physrevlett.110.186803
Varjas2018: 10.1088/1367-2630/aadf67
Zhang2018: 10.1038/nature26142
