Aasen2016: 10.1103/PhysRevX.6.031016
Albrecht2016: 10.1038/nature17162
Antipov2018: 10.1103/PhysRevX.8.031041
Car2014: 10.1002/adma.201400924
Chang2015: 10.1038/nnano.2014.306
Cole2015: 10.1103/PhysRevB.92.174511
Danon2017: 10.1103/PhysRevB.96.125420
Deng2016: 10.1126/science.aaf3961
Du1999: 10.1137/s0036142997330317
Fasth2007: 10.1103/PhysRevLett.98.266801
Floehr2011: 10.1063/1.3657135
Fu2008: 10.1103/PhysRevLett.100.096407
Gazibegovic2017: 10.1038/nature23468
Gropp1996: 10.1006/jcph.1996.0022
Groth2014: 10.1088/1367-2630/16/6/063065
Guel2017: 10.1021/acs.nanolett.7b00540
Guel2018: 10.1038/s41565-017-0032-8
Hansen2005: 10.1103/PhysRevB.71.205328
Heck2017: 10.1103/PhysRevB.96.075404
Hofstadter1976: 10.1103/PhysRevB.14.2239
Kammhuber2016: 10.1021/acs.nanolett.6b00051
Kammhuber2017: 10.1038/s41467-017-00315-y
Karzig2017: 10.1103/PhysRevB.95.235305
Kitaev2001: 10.1070/1063-7869/44/10S/S29
Liu2017a: 10.1103/PhysRevB.95.054502
Liu2019: 10.1103/PhysRevB.99.024510
Lutchyn2010: 10.1103/PhysRevLett.105.077001
Lutchyn2018: 10.1038/s41578-018-0003-1
Mikkelsen2018: 10.1103/PhysRevX.8.031040
Moor2018: 10.1088/1367-2630/aae61d
Mourik2012: 10.1126/science.1222360
Nadj-Perge2012: 10.1103/PhysRevLett.108.166801
Nayak2008: 10.1103/RevModPhys.80.1083
Nijholt2016: 10.1103/PhysRevB.93.235434
Oreg2010: 10.1103/PhysRevLett.105.177002
Osca2014: 10.1103/PhysRevB.89.245405
Pan2019: 10.1103/PhysRevB.99.054507
Pientka2012: 10.1103/PhysRevLett.109.227006
Prada2012: 10.1103/PhysRevB.86.180503
Pryor2006: 10.1103/PhysRevLett.96.026804
Qu2016: 10.1021/acs.nanolett.6b03297
Reeg2018: 10.1103/PhysRevB.97.165425
Rex2014: 10.1103/PhysRevB.90.115429
Stanescu2011: 10.1103/PhysRevB.84.144522
Stanescu2012: 10.1103/PhysRevLett.109.266402
Stanescu2013: 10.1103/PhysRevB.87.094518
Suyatin2007: 10.1088/0957-4484/18/10/105307
Takei2013: 10.1103/PhysRevLett.110.186803
VanWoerkom2015: 10.1038/nphys3342
Vuik2016: 10.1088/1367-2630/18/3/033013
Weperen2015: 10.1103/PhysRevB.91.201413
Woods2018: 10.1103/PhysRevB.98.035428
Zhang2017: 10.1038/ncomms16025
Zhang2018: 10.1038/nature26142
