Adagideli2014: 10.1103/PhysRevB.89.144506
Alicea2011: 10.1038/nphys1915
Alicea2012: 10.1088/0034-4885/75/7/076501
Altland1997: 10.1103/PhysRevB.55.1142
Anderson1933: 10.1103/PhysRev.43.491
Annett1995: 10.1080/00107519508232300
Asano2013: 10.1103/PhysRevB.87.104513
Asboth2013: 10.1007/978-3-319-25607-8
Barbieri2013: 10.1088/0143-0807/35/2/029501
Beenakker2013: 10.1146/annurev-conmatphys-030212-184337
Bloch1976: 10.1063/1.3024633
Churchill2013: 10.1103/PhysRevB.87.241401
Clarke2011: 10.1103/PhysRevB.84.035120
Das2012: 10.1038/nphys2479
DasSarma2006: 10.1103/PhysRevB.73.220502
DeFranceschi2010: 10.1038/nnano.2010.173
Deng2012: 10.1021/nl303758w
Deng2014: 10.1038/srep07261
Diez2012a: 10.1103/PhysRevB.86.094501
Dirac1930: 10.1098/rspa.1930.0013
Finck2013: 10.1103/PhysRevLett.110.126406
Fu2008: 10.1103/PhysRevLett.100.096407
Fulga2011: 10.1103/PhysRevB.83.155429
Gennes1999: 10.1201/9780429497032
Goldman2013: 10.1088/0953-4075/46/13/134010
Groth2009: 10.1103/PhysRevLett.103.196805
Groth2014: 10.1088/1367-2630/16/6/063065
Gurarie2005: 10.1103/PhysRevLett.94.230403
Hofstadter1976: 10.1103/PhysRevB.14.2239
Hyart2013: 10.1103/PhysRevB.88.035121
Iencinella2004: 10.1088/0143-0807/25/2/011
Ivanov2001: 10.1103/PhysRevLett.86.268
Kane2005: 10.1103/PhysRevLett.95.226801
Khaetskii2001: 10.1103/PhysRevB.64.125316
Kitaev2001: 10.1070/1063-7869/44/10S/S29
Kitaev2003: 10.1016/S0003-4916(02)00018-0
Kopnin1991: 10.1103/PhysRevB.44.9667
Kraus2012: 10.1103/PhysRevLett.109.106402
Lee2000: 10.1007/BF02827752
Leijnse2012: 10.1088/0268-1242/27/12/124003
Lim2012: 10.1103/PhysRevB.86.121103
Lim2012a: 10.1088/1367-2630/14/8/083020
Lin2012: 10.1103/PhysRevB.86.224511
Linder2010: 10.1103/PhysRevLett.104.067001
Liu2012: 10.1103/PhysRevLett.109.267002
Lutchyn2010: 10.1103/PhysRevLett.105.077001
Lutchyn2011: 10.1103/PhysRevLett.106.127001
Mackenzie2000: 10.1016/S0921-4526(99)01546-X
Majorana1937: 10.1007/BF02961314
Mourik2012: 10.1126/science.1222360
Nakosai2013: 10.1103/PhysRevLett.110.117002
Neupert2011: 10.1103/PhysRevLett.106.236804
Oreg2010: 10.1103/PhysRevLett.105.177002
Osca2013: 10.1103/PhysRevB.88.144512
Osca2014: 10.1103/PhysRevB.89.245405
Osca2014a: 10.1140/epjb/e2014-41091-8
Osca2015a: 10.1103/PhysRevB.91.235417
Peierls1933: 10.1007/BF01342591
Pientka2012: 10.1103/PhysRevLett.109.227006
Potter2010a: 10.1103/PhysRevLett.105.227003
Potter2012: 10.1103/PhysRevB.85.094516
Prada2012: 10.1103/PhysRevB.86.180503
Qi2011: 10.1103/RevModPhys.83.1057
Read2000: 10.1103/PhysRevB.61.10267
Rex2014: 10.1103/PhysRevB.90.115429
SooLim2013: 10.1209/0295-5075/103/37004
Stanescu2013a: 10.1088/0953-8984/25/23/233201
Stanescu2014: 10.1103/PhysRevB.90.085302
Stern2010: 10.1038/nature08915
Tanaka2012: 10.1143/JPSJ.81.011013
Tewari2012: 10.1103/PhysRevLett.109.150408
Tsutsumi2008: 10.1103/PhysRevLett.101.135302
VanHeck2014: 10.1103/PhysRevB.90.155450
Vuik2016: 10.1088/1367-2630/18/3/033013
Wilczek2009: 10.1038/nphys1380
Wimmer2011: 10.1088/1367-2630/13/5/053016
data: 10.4121/uuid:af284f58-e822-4fc1-8917-e8527d543f60
