Adagideli2014: 10.1103/PhysRevB.89.144506
Alicea2011: 10.1038/nphys1915
Alicea2012: 10.1088/0034-4885/75/7/076501
Altland1997: 10.1103/PhysRevB.55.1142
Anderson1933: 10.1103/PhysRev.43.491
Bardeen1957: 10.1103/PhysRev.106.162
Bardeen1957a: 10.1103/PhysRev.108.1175
Beenakker2013: 10.1146/annurev-conmatphys-030212-184337
Chen2017a: 10.1126/sciadv.1701476
Churchill2013: 10.1103/PhysRevB.87.241401
Cooper1956: 10.1103/PhysRev.104.1189
Das2012: 10.1038/nphys2479
Deng2012: 10.1021/nl303758w
Deng2014: 10.1038/srep07261
Deng2016: 10.1126/science.aaf3961
Deng2016a: 10.1038/nature17162
Dirac1930: 10.1098/rspa.1930.0013
Feynman1982: 10.1007/BF02650179
Finck2013: 10.1103/PhysRevLett.110.126406
Fu2008: 10.1103/PhysRevLett.100.096407
Gennes1999: 10.1201/9780429497032
Groth2014: 10.1088/1367-2630/16/6/063065
Gurarie2005: 10.1103/PhysRevLett.94.230403
Hofstadter1976: 10.1103/PhysRevB.14.2239
Hyart2013: 10.1103/PhysRevB.88.035121
Ivanov2001: 10.1103/PhysRevLett.86.268
Kalmeyer1987: 10.1103/physrevlett.59.2095
Kitaev2001: 10.1070/1063-7869/44/10S/S29
Kopnin1991: 10.1103/PhysRevB.44.9667
Leijnse2012: 10.1088/0268-1242/27/12/124003
Lidar2013: 10.1017/CBO9781139034807
Lim2012: 10.1103/PhysRevB.86.121103
Liu2012: 10.1103/PhysRevLett.109.267002
Lutchyn2010: 10.1103/PhysRevLett.105.077001
Lutchyn2011: 10.1103/PhysRevLett.106.127001
Majorana1937: 10.1007/BF02961314
Moore1991: 10.1016/0550-3213(91)90407-O
Mourik2012: 10.1126/science.1222360
Nayak2008: 10.1103/RevModPhys.80.1083
Oreg2010: 10.1103/PhysRevLett.105.177002
Osca2014: 10.1103/PhysRevB.89.245405
Osca2015a: 10.1103/PhysRevB.91.235417
Pientka2012: 10.1103/PhysRevLett.109.227006
Potter2010a: 10.1103/PhysRevLett.105.227003
Potter2012: 10.1103/PhysRevB.85.094516
Prada2012: 10.1103/PhysRevB.86.180503
Qi2011: 10.1103/RevModPhys.83.1057
Read2000: 10.1103/PhysRevB.61.10267
Rex2014: 10.1103/PhysRevB.90.115429
Sarma2006: 10.1103/PhysRevB.73.220502
Shor1994: 10.1109/SFCS.1994.365700
SooLim2013: 10.1209/0295-5075/103/37004
Stanescu2013a: 10.1088/0953-8984/25/23/233201
Stanescu2014: 10.1103/PhysRevB.90.085302
Stern2010: 10.1038/nature08915
Tewari2007: 10.1103/PhysRevLett.98.010506
Tewari2012: 10.1103/PhysRevLett.109.150408
Vuik2016: 10.1088/1367-2630/18/3/033013
Wen1989: 10.1103/PhysRevB.40.7387
Winkler2019: 10.1103/PhysRevB.99.245408
Wojcik2018: 10.1103/PhysRevB.97.235445
XiaoGang1990: doi:10.1142/S0217979290000139
data: 10.4121/uuid:af284f58-e822-4fc1-8917-e8527d543f60
